1,0.078
2,0.082
3,0.077
4,0.072
5,0.074
6,0.073
7,0.070
8,0.076
9,0.075
10,0.073
11,0.071
12,0.071
13,0.071
14,0.071
15,0.071
16,0.071
17,0.071
18,0.071
19,0.071
20,0.073
21,0.076
22,0.075
23,0.074
24,0.077
25,0.076
26,0.075
27,0.076
28,0.075
29,0.073
30,0.070
31,0.074
32,0.072
33,0.073
34,0.075
35,0.072
36,0.075
37,0.071
38,0.071
39,0.072
40,0.068
41,0.067
42,0.067
43,0.067
44,0.067
45,0.067
46,0.067
47,0.067
48,0.067
49,0.067
50,0.069
51,0.074
52,0.073
53,0.075
54,0.071
55,0.073
56,0.073
57,0.074
58,0.074
59,0.071
60,0.078
